1982869
1982857
1982856
1982852
1982863
1982833
1982830
1982828
1982827
1982824
1982813
1982812
1982810
1982795
1982868
1982785
1982779
1982774
1982764
1982763
1982757
1982754
1982744
1982728
1982716
1982713
1982638
1982580
1982539
1982516
1982506
1982468
1982366
1982358
1982344
1982322
1982289
1982273
1982244
1982271
1982199
1982189
1982165
1982145
1982129
1982116
1982112
1982105
1982085
1982050
1982049
1982041
1982011
1982001
1981974
1981959
1981956
1981907
1981895
1981896
1981868
1981843
1981871
1981807
1981773
1981742
1981687
1981664
1981657
1981619
1981623
1981610
1981605
1981585
1981542
1981532
1981474
1981473
1981463
1981452
1981419
1981402
1981399
1981389
1981384
1981349
1981297
1981238
1981210
1981177
1981130
1981117
1981082
1981064
1981008
1980981
1980941
1980898
1980890
1980867