1980592
1980586
1980565
1980542
1980500
1980486
1980470
1980461
1980449
1980443
1980427
1980413
1980298
1980273
1980251
1980205
1980163
1980105
1980100
1980019
1980020
1980009
1979971
1979969
1979851
1979845
1979844
1979823
1979744
1979737
1979688
1979865
1979866
1979652
1979620
1979588
1979581
1979576
1979543
1979509
1979505
1979531
1979493
1979491
1979484
1979470
1979469
1979464
1979457
1979456
1979532
1979441
1979435
1979432
1979422
1979416
1979408
1979396
1979391
1979387
1979384
1979382
1979379
1979378
1979376
1979372
1979369
1979367
1979363
1979340
1979337
1979306
1979301
1979287
1979253
1979239
1979237
1979219
1979215
1979186
1979144
1979165
1979114
1979103
1979093
1979062
1979057
1979033
1979010
1979005
1978967
1978938
1978931
1978901
1978855
1978799
1978780
1978742
1978502
1978419